X_selected = [[1.0, 0.0, 0.0, 0.0, 0.0, 0.0, 1],
              [1.0, 0.0474, 0.0566, 0.0564, 0.0399, 0.0424, 1],
              [1.0, 0.0965, 0.0613, 0.1224, 0.0975, 0.0931, 1],
              [1.0, 0.1426, 0.1454, 0.1543, 0.1604, 0.1565, 1],
              [0.9113, 0.1856, 0.1151, 0.1256, 0.2162, 0.2156, 1], 
              [0.9113, 0.2295, 0.1679, 0.1175, 0.2643, 0.2692, 1],
              [0.9113, 0.273, 0.3208, 0.1506, 0.3106, 0.3571, 1], 
              [0.9113, 0.3167, 0.3479, 0.1517, 0.3764, 0.4226, 1], 
              [0.9113, 0.3601, 0.3761, 0.1749, 0.4321, 0.5028, 1], 
              [0.7301, 0.403, 0.4206, 0.2309, 0.4779, 0.5408, 1], 
              [0.7301, 0.4477, 0.4569, 0.336, 0.5292, 0.6069, 1], 
              [0.7287, 0.4966, 0.5127, 0.4139, 0.6009, 0.6622, 1], 
              [0.7242, 0.554, 0.523, 0.4759, 0.6795, 0.6915, 1], 
              [0.7242, 0.6178, 0.4891, 0.5321, 0.7462, 0.7084, 1], 
              [0.5812, 0.6841, 0.5419, 0.5818, 0.7974, 0.7066, 1], 
              [0.4619, 0.7502, 0.6088, 0.6101, 0.8264, 0.7134, 1], 
              [0.3894, 0.8143, 0.7224, 0.6964, 0.8677, 0.7181, 1], 
              [0.3805, 0.8765, 0.778, 0.8162, 0.9073, 0.7971, 1], 
              [0.1267, 0.9374, 0.8728, 0.8876, 0.9439, 0.8938, 1], 
              [0.0, 1.0, 1.0, 1.0, 1.0, 1.0, 1]]

y_normalized = [[0.0], [0.0443], [0.0812], [0.1374], [0.1594], [0.206], [0.2708], [0.3192], [0.3579], [0.4021], [0.4634], [0.5284], [0.5801], [0.6114], [0.6696], [0.7239], [0.7928], [0.8494], [0.919], [1.0]]

# traditional-order gradient descent
predict =  [1781865755130.464, 1989227240802.611, 2188702495476.041, 2436422928023.975, 2562602624003.4473, 2728213474976.504, 3033920900162.063, 3212984733427.049, 3413851675923.782, 3676416778586.948, 3936198505603.508, 4203866463618.7847, 4415866908701.942, 4569880361147.475, 4812034042402.195, 5025426175308.656, 5314433346614.579, 5620140771800.138, 6018627385205.896, 6457936841428.544]

theta = [[-0.0799], [0.192], [0.1716], [0.1775], [0.2062], [0.1808], [0.0863]]
MSE = 16814276208802775393370112 (26 digits)

1998_predict = 6802758580679.916
1998_real = 6752705842310
ARE  = 0.00741224918406837
1999_predict = 7270804905986.759
1999_real = 7176188111753
ARE = 0.013184826367469036
2000_predict = 7750315862802.782
2000_real = 7637981352565
ARE = 0.014707355916764298

# Fractional-order gradient descent

predict = [1863047544823.139, 2080150845258.407, 2286584539048.352, 2540799514771.7, 2627084159816.486, 2793158906730.644, 3109072042620.425, 3287671979944.31, 3490394506205.447, 3694508720289.8867, 3967743429598.376, 4245617098317.875, 4462720398753.143, 4621836706550.786, 4821775857165.316, 4999448002607.0, 5279641151032.004, 5599265454450.594, 5917034174104.778, 6328045977920.265]
theta = [[0.0], [0.2021], [0.1831], [0.2048], [0.1974], [0.1751], [0.0239]]
MSE = 16903206191738247014514688 (26 digits number)
1998_predict = 6649228925311.358
1998_real = 6752705842310
ARE = 0.015323770857941546
1999_predict = 7078790768071.621
1999_real = 7176188111753
ARE = 0.013572295230369411
2000_predict = 7577128756098.853
2000_real = 7637981352565
ARE = 0.007967104612753713

# loss function (400 loops)
# integer_order GD
loss_fct = [5.1193, 4.4307, 3.8444, 3.346, 2.9215, 2.5593, 2.2527, 1.99, 1.7662, 1.5748, 1.4107, 1.2698, 1.1486, 1.0447, 0.955, 0.8777, 0.8104, 0.7519, 0.7005, 0.6555, 0.6157, 0.5805, 0.5496, 0.5222, 0.4974, 0.4751, 0.4552, 0.4367, 0.42, 0.4047, 0.3906, 0.3774, 0.3653, 0.354, 0.3432, 0.3331, 0.3237, 0.3147, 0.3058, 0.2975, 0.2895, 0.2819, 0.2746, 0.2677, 0.2608, 0.2542, 0.2481, 0.242, 0.2361, 0.2303, 0.2246, 0.2193, 0.2141, 0.2089, 0.2039, 0.1989, 0.194, 0.1892, 0.1849, 0.1806, 0.1764, 0.1724, 0.1683, 0.1643, 0.1603, 0.1564, 0.1526, 0.149, 0.1456, 0.1423, 0.139, 0.1358, 0.1326, 0.1296, 0.1265, 0.1235, 0.1205, 0.1176, 0.1147, 0.1121, 0.1095, 0.1069, 0.1045, 0.1021, 0.0998, 0.0974, 0.0952, 0.093, 0.0909, 0.0888, 0.0868, 0.0848, 0.0828, 0.0809, 0.079, 0.0771, 0.0753, 0.0734, 0.0716, 0.0699, 0.0684, 0.0669, 0.0653, 0.0639, 0.0625, 0.0611, 0.0597, 0.0583, 0.057, 0.0556, 0.0543, 0.0531, 0.052, 0.0508, 0.0497, 0.0485, 0.0474, 0.0463, 0.0453, 0.0442, 0.0432, 0.0422, 0.0412, 0.0402, 0.0392, 0.0383, 0.0374, 0.0367, 0.0358, 0.0351, 0.0343, 0.0336, 0.0329, 0.0322, 0.0316, 0.0309, 0.0302, 0.0295, 0.0289, 0.0283, 0.0276, 0.0271, 0.0265, 0.0259, 0.0254, 0.0248, 0.0243, 0.0238, 0.0233, 0.0227, 0.0222, 0.0218, 0.0213, 0.0208, 0.0203, 0.0199, 0.0194, 0.019, 0.0186, 0.0182, 0.0178, 0.0173, 0.017, 0.0166, 0.0163, 0.0159, 0.0156, 0.0153, 0.015, 0.0146, 0.0144, 0.0141, 0.0138, 0.0135, 0.0133, 0.0131, 0.0128, 0.0126, 0.0124, 0.0122, 0.012, 0.0117, 0.0115, 0.0113, 0.0111, 0.0109, 0.0107, 0.0105, 0.0104, 0.0102, 0.01, 0.0099, 0.0097, 0.0096, 0.0094, 0.0093, 0.0091, 0.009, 0.0088, 0.0087, 0.0085, 0.0084, 0.0082, 0.0081, 0.008, 0.0078, 0.0077, 0.0075, 0.0074, 0.0073, 0.0072, 0.007, 0.0069, 0.0068, 0.0067, 0.0065, 0.0064, 0.0063, 0.0062, 0.0061, 0.006, 0.0058, 0.0057, 0.0056, 0.0055, 0.0054, 0.0053, 0.0052, 0.0051, 0.005, 0.0049, 0.0048, 0.0047, 0.0047, 0.0046, 0.0045, 0.0045, 0.0044, 0.0043, 0.0043, 0.0042, 0.0042, 0.0041, 0.0041, 0.004, 0.004, 0.0039, 0.0039, 0.0038, 0.0038, 0.0037, 0.0037, 0.0036, 0.0036, 0.0035, 0.0035, 0.0035, 0.0034, 0.0034, 0.0034, 0.0033, 0.0033, 0.0032, 0.0032, 0.0032, 0.0031, 0.0031, 0.0031, 0.0031, 0.003, 0.003, 0.003, 0.003, 0.0029, 0.0029, 0.0029, 0.0029, 0.0029, 0.0029, 0.0028, 0.0028, 0.0028, 0.0028, 0.0028, 0.0028, 0.0027, 0.0027, 0.0027, 0.0027, 0.0027, 0.0027, 0.0026, 0.0026, 0.0026, 0.0026, 0.0026, 0.0026, 0.0026, 0.0026, 0.0025, 0.0025, 0.0025, 0.0025, 0.0025, 0.0025, 0.0025, 0.0025, 0.0024, 0.0024, 0.0024, 0.0024, 0.0024, 0.0024, 0.0024, 0.0024, 0.0024, 0.0024, 0.0024, 0.0024, 0.0024, 0.0024, 0.0024, 0.0024, 0.0024, 0.0024, 0.0024, 0.0024, 0.0024, 0.0024, 0.0024, 0.0024, 0.0024, 0.0024, 0.0024, 0.0024, 0.0024, 0.0024, 0.0024, 0.0024, 0.0024, 0.0024, 0.0024, 0.0024, 0.0024, 0.0024, 0.0024, 0.0024, 0.0024, 0.0024, 0.0024, 0.0024, 0.0024, 0.0024, 0.0024, 0.0024, 0.0024, 0.0024, 0.0024, 0.0024, 0.0024, 0.0024, 0.0024, 0.0024, 0.0024, 0.0024, 0.0024, 0.0024, 0.0024, 0.0024, 0.0024, 0.0024, 0.0024, 0.0024, 0.0024, 0.0024, 0.0024, 0.0024, 0.0024, 0.0024, 0.0024, 0.0024, 0.0024, 0.0024, 0.0024, 0.0024, 0.0024, 0.0024, 0.0024, 0.0024, 0.0024, 0.0024, 0.0024, 0.0024, 0.0024, 0.0024, 0.0024, 0.0024, 0.0024, 0.0024, 0.0024]
#fractional order GD
loss_fct = [0.6888, 0.6632, 0.64, 0.6181, 0.5983, 0.5794, 0.5617, 0.5451, 0.5297, 0.5151, 0.5014, 0.4883, 0.476, 0.4646, 0.4535, 0.4433, 0.4333, 0.4238, 0.4146, 0.4059, 0.3976, 0.3895, 0.3818, 0.3742, 0.3673, 0.3604, 0.3535, 0.3467, 0.3402, 0.3338, 0.3278, 0.322, 0.3162, 0.3105, 0.3049, 0.2994, 0.2941, 0.2892, 0.2842, 0.2794, 0.2747, 0.2699, 0.2654, 0.261, 0.2565, 0.2522, 0.2481, 0.2441, 0.2402, 0.2363, 0.2325, 0.2288, 0.2251, 0.2215, 0.2178, 0.2143, 0.2108, 0.2073, 0.2038, 0.2004, 0.1971, 0.1939, 0.1909, 0.188, 0.1851, 0.1822, 0.1795, 0.1767, 0.1739, 0.1712, 0.1686, 0.1659, 0.1633, 0.1607, 0.1582, 0.1557, 0.1531, 0.1506, 0.1483, 0.146, 0.1437, 0.1415, 0.1393, 0.1372, 0.1351, 0.1331, 0.131, 0.129, 0.1271, 0.1251, 0.1232, 0.1213, 0.1194, 0.1175, 0.1157, 0.114, 0.1124, 0.1107, 0.1091, 0.1075, 0.106, 0.1044, 0.1029, 0.1014, 0.0999, 0.0984, 0.097, 0.0956, 0.0941, 0.0927, 0.0914, 0.09, 0.0886, 0.0872, 0.0859, 0.0847, 0.0835, 0.0824, 0.0813, 0.0802, 0.0791, 0.078, 0.0769, 0.0759, 0.0749, 0.0739, 0.0728, 0.0719, 0.0708, 0.0699, 0.0689, 0.0679, 0.0669, 0.066, 0.065, 0.0641, 0.0632, 0.0623, 0.0615, 0.0607, 0.0599, 0.0591, 0.0583, 0.0575, 0.0567, 0.0559, 0.0551, 0.0543, 0.0536, 0.0529, 0.0522, 0.0514, 0.0507, 0.05, 0.0493, 0.0486, 0.048, 0.0474, 0.0467, 0.0461, 0.0454, 0.0448, 0.0442, 0.0437, 0.0432, 0.0427, 0.0422, 0.0418, 0.0412, 0.0408, 0.0403, 0.0399, 0.0394, 0.039, 0.0386, 0.0381, 0.0377, 0.0373, 0.0369, 0.0365, 0.0361, 0.0357, 0.0353, 0.0349, 0.0345, 0.0341, 0.0338, 0.0335, 0.0332, 0.0329, 0.0327, 0.0324, 0.0322, 0.032, 0.0318, 0.0316, 0.0314, 0.0312, 0.031, 0.0308, 0.0306, 0.0304, 0.0302, 0.03, 0.0298, 0.0296, 0.0294, 0.0293, 0.0291, 0.0289, 0.0287, 0.0285, 0.0283, 0.0282, 0.028, 0.0278, 0.0276, 0.0274, 0.0272, 0.027, 0.0269, 0.0267, 0.0265, 0.0263, 0.0262, 0.026, 0.0258, 0.0257, 0.0255, 0.0254, 0.0252, 0.025, 0.0249, 0.0247, 0.0246, 0.0244, 0.0242, 0.0241, 0.0239, 0.0238, 0.0236, 0.0235, 0.0233, 0.0231, 0.023, 0.0228, 0.0227, 0.0225, 0.0224, 0.0222, 0.0221, 0.0219, 0.0218, 0.0216, 0.0215, 0.0213, 0.0212, 0.021, 0.0209, 0.0207, 0.0206, 0.0205, 0.0203, 0.0202, 0.02, 0.0199, 0.0197, 0.0196, 0.0195, 0.0193, 0.0192, 0.0191, 0.0189, 0.0188, 0.0187, 0.0185, 0.0184, 0.0183, 0.0182, 0.018, 0.0179, 0.0178, 0.0176, 0.0175, 0.0174, 0.0173, 0.0172, 0.017, 0.0169, 0.0168, 0.0167, 0.0165, 0.0164, 0.0163, 0.0162, 0.0161, 0.0159, 0.0158, 0.0157, 0.0156, 0.0155, 0.0154, 0.0153, 0.0151, 0.015, 0.0149, 0.0148, 0.0147, 0.0146, 0.0145, 0.0143, 0.0142, 0.0141, 0.014, 0.0139, 0.0138, 0.0137, 0.0136, 0.0135, 0.0134, 0.0132, 0.0132, 0.0131, 0.013, 0.0129, 0.0128, 0.0128, 0.0127, 0.0126, 0.0125, 0.0124, 0.0123, 0.0123, 0.0122, 0.0122, 0.0121, 0.0121, 0.012, 0.0119, 0.0119, 0.0118, 0.0118, 0.0117, 0.0117, 0.0116, 0.0115, 0.0115, 0.0114, 0.0114, 0.0113, 0.0113, 0.0112, 0.0112, 0.0111, 0.0111, 0.011, 0.011, 0.0109, 0.0109, 0.0108, 0.0108, 0.0107, 0.0107, 0.0106, 0.0106, 0.0105, 0.0105, 0.0104, 0.0104, 0.0103, 0.0103, 0.0102, 0.0102, 0.0101, 0.0101, 0.01, 0.01, 0.0099, 0.0099, 0.0098, 0.0098, 0.0097, 0.0097, 0.0097, 0.0096, 0.0096, 0.0095, 0.0095, 0.0094, 0.0094, 0.0093, 0.0093, 0.0092, 0.0092, 0.0092, 0.0091, 0.0091, 0.009, 0.009, 0.0089]